Sref = 5600.000000 
Cref = 8.000000 
Bref = 700.000000 
X_cg = 3.344398 
Y_cg = 350.000000 
Z_cg = 0.213492 
Mach = 0.035800 
AoA = -10.000000, -8.928571, -7.857143, -6.785714, -5.714286, -4.642857, -3.571429, -2.500000, -1.428571, -0.357143, 0.714286, 1.785714, 2.857143, 3.928571, 5.000000, 6.071429, 7.142857, 8.214286, 9.285714, 10.357143, 11.428571, 12.500000, 13.571429, 14.642857, 15.714286, 16.785714, 17.857143, 18.928571, 20.000000 
Beta = 0.000000 
Vinf = 100.000000 
Rho = 0.002377 
ReCref = 2035200.000000 
ClMax = -1.000000 
MaxTurningAngle = -1.000000 
Symmetry = NO 
FarDist = -1.000000 
NumWakeNodes = 64 
WakeIters = 14 
NumberOfControlGroups = 0 
Preconditioner = Matrix 
Karman-Tsien Correction = N 
Stability Type = 0 
